车站名称,累计距离（km）,站间距离（km）
上海南站,0,-
石龙路,1314,1314
龙漕路,2798,1484
漕溪路,3823,1025
宜山路,5361,1538
虹桥路,6670,1309
延安西路,8131,1461
中山公园,9232,1101
金沙江路,10739,1507
曹杨路,11642,903
镇坪路,13015,1373
中潭路,14488,1473
上海火车站,16215,1727
宝山路,18232,2017
东宝兴路,19305,1073
虹口足球场,20616,1311
赤峰路,21766,1150
大柏树,22677,911
江湾镇,24477,1800
殷高西路,26080,1603
长江南路,27595,1515
淞发路,29285,1690
张华浜,30798,1513
淞滨路,32338,1540
水产路,33579,1241
宝杨路,35334,1755
友谊路,36363,1029
铁力路,38067,1704
江杨北路,40148,2081