车站名称,累计距离（km）,站间距离（km）
莘庄,0,-
春申路,1588,1588
银都路,2663,1075
颛桥,5420,2757
北桥,7971,2551
剑川路,10147,2176
东川路,11116,969
金平路,12575,1459
华宁路,14062,1487
文井路,15508,1446
闵行开发区,16613,1105
江川路,12601,1485
西渡,14597,1996
萧塘,17344,2747
奉浦大道,20086,2741
环城东路,22427,2342
望园路,24326,1899
金海湖,25542,1216
奉贤新城,27196,1654
平庄公路,30150,2954