车站名称,累计距离（km）,站间距离（km）
龙阳路,0,-
华夏中路,4.4,4.4
罗山路#,7.0,2.7
周浦东,12.0,5.0
鹤沙航城,14.6,2.6
航头东#,17.2,2.6
新场,20.8,3.6
野生动物园#,25.7,4.8
惠南,31.7,6.1
惠南东#,37.5,5.8
书院,48.1,10.6
临港大道,55.2,7.1
滴水湖,57.8,2.6